[ 1109  1445  1561  1587  1619  1945  2742  2788  4249  4299  4347  4416
  4808  6122  6126  6128  6217  6313  6366  6406  6463  7333  7343  7586
  7743  7987  8056  8115  8233  8258  8321  8371  8523  9112  9120  9122
 10115 10409 12045 12101 12161 12163 12167 12621 12679 12683 13156 13465
 14550 14776 14789 14943 15230 15754 15848 16303 16321 17268 17438 17495
 18107 19057 19288 19399 21079 21129 21365 21376 21379 21502 21680 21762
 22113 22175 22395 22397 22587 22851 22955 23558 23569 24376 24601 24641
 24837 24941 24975 25335 25421 25569 26135 26180 26388 26556 26789 26845
 26871 26931 27299 27372 27568 27711 27777 28195 28213 28215 28857 30177
 30457 30974 31185 31241 31812 31867 32760 33104 33415 33619 34134 34369
 34431 34477 35394 35753 36199 36304 37075 38104 38114 38120 38126 38165
 38226 38642 38678 39116 39130 39175 39218 39443 39576 40221 40225 40231
 40476 40724 40885 41238 41334 41541 41747 42115 42853 44137 44147 44149
 44229 44269 44359 44536 44575 44625 44652 45130 45133 45139 45145 45309
 45326 45479 45661 45665 45731 45772 45891 45892 45964 45968 46236 46459
 47053 47057 47269 47495 47574 47829 48161 48167 48249 48455 48480 48529
 48629 49401 49497 49565 49716 49835 50321 50667 50670 50829 51061 51105
 51145 51789 52074 52134 52146 52351 52525 53111 53343 53639 54570 54608
 55130 55497 55543 56206 56410 56564 56566 57074 57076 57223 58313 58453
 58454 58840 59514 59558 60311 60599 61138 61200 61250 61381 63450 63456
 63538 63755 64560 64625 64646 65388 65529 65843 65929 65934 66127 66386
 66663 67434 67585 67659 67688 68169 68199 68219 68259 68309 68519 69117
 69123 69239 70374 70565 70619 71088 71720 72074 72141 72181 72202 72224
 73530 73760 74081 74206 74239 74321 74336 74420 74613 74834 74850 74906
 75242 76185 76297 76532 76547 76646 76831 76835 77723 77746 77977 78048
 78052 78098 78112 78269 78583 79261 79541 79618 79843 80335 80801 80803
 80807 80992 81549 81673 82110 82205 82223 82239 82467 83026 83355 83395
 84051 84056 84106 84140 84419 84478 85235 85241 85247 85356 85368 85391
 85435 85462 85540 86199 86368 86899 87509 87763 88094 88131 88250 88605
 88639 88690 89129 89250 89281 89542 90427 90471 90513 90763 90768 91056
 91247 91611 92224 92318 92339 93053 93444 94032 94086 94315 94469 94491
 95030 95447 95485 96142 96176 96178 96181 97478 97531 98646 99092 99634
 99817 99958 99988]