[ 1109  1169  1189  1237  1445  1774  1900  1945  1968  2625  2633  2708
  2739  2763  2894  2923  2991  3042  3149  4157  4178  4277  4317  4319
  4416  4425  4651  4668  4680  4683  4703  4895  6120  6126  6128  6188
  6193  6258  6317  6526  6679  6846  6847  6917  7318  7381  7545  7552
  7747  7924  7937  7985  8056  8112  8248  8315  8321  8352  8468  8491
  8523  9111  9113  9126  9127  9337  9405  9648 10115 10247 10315 10405
 10409 10437 10829 12055 12103 12109 12163 12203 12247 12309 12587 12621
 12623 12629 12679 12687 12689 13189 13439 13585 13587 13589 13596 13599
 13629 14050 14057 14165 14167 14197 14199 14467 14480 14548 14612 14959
 15236 15295 15344 15517 15566 15754 15834 16225 16321 16540 16562 16761
 16866 17033 17214 17309 17438 18057 18059 18069 18109 18249 18258 18437
 18442 18528 19057 19061 19258 19306 19339 20257 21039 21079 21149 21220
 21266 21376 21391 21423 21509 21680 21781 22043 22047 22081 22089 22113
 22159 22309 22399 22455 22459 22523 22529 22587 22846 22848 22880 22927
 22941 23552 23558 23570 23669 23701 23715 23966 23970 24118 24223 24232
 24536 24568 24641 24782 24837 24975 25335 25368 25474 25813 26127 26129
 26169 26180 26215 26389 26446 26624 26725 26842 26871 27299 27356 27472
 27751 27798 28327 28717 28816 29339 29494 29525 29633 30171 30880 30938
 31241 31275 31592 31636 31688 31812 31848 32339 32423 32429 32584 32609
 32657 32805 33098 33102 33106 33613 33649 33729 34125 34127 34266 34295
 34359 34431 34439 34454 34471 34519 35321 35435 35576 35688 35796 36043
 36132 36277 37130 37154 37213 37293 37308 37520 37574 38108 38122 38162
 38165 38302 38315 38479 38678 38700 38704 38855 39108 39116 39120 39326
 39539 39576 39590 39638 40476 40629 40878 40880 41063 41236 41379 41460
 41515 41540 41569 41747 41748 41751 41812 42107 42111 42283 42349 42389
 42579 44143 44147 44149 44267 44269 44309 44319 44339 44359 44534 44536
 44575 44625 44628 44787 44789 44791 44866 44879 45133 45326 45329 45525
 45701 45731 45881 45886 45888 45889 45891 45892 45964 46047 46049 46149
 46236 46238 46286 46395 46486 46499 46562 46569 47058 47167 47179 47198
 47259 47445 47475 47798 47877 48147 48161 48231 48282 48465 48683 49080
 49124 49393 49525 49716 49757 50226 50354 50677 50733 50739 50765 50823
 50858 50937 50969 51061 51065 51105 51107 51469 51503 52068 52134 52146
 52379 52525 53111 53115 53123 53177 53227 53489 53518 53545 53577 53619
 53840 53842 53913 53945 54472 54570 54663 54673 55118 55126 55543 55545
 55758 56220 56249 56357 56410 56422 56564 56729 56856 57072 57223 57250
 57290 57299 58135 58239 58256 58285 58509 58566 58640 58675 58708 58739
 58791 59069 59073 59174 59229 59379 59555 59581 59872 60323 60385 60438
 60439 60528 60599 61389 63069 63071 63128 63225 63263 63543 63571 63741
 63743 63820 63853 64405 64546 64646 64653 65185 65189 65193 65520 65527
 65558 65795 65817 65843 65934 66292 66299 66440 66571 66620 66663 66687
 66822 66887 66976 66989 67098 67105 67112 67227 67454 67547 67701 67714
 68161 68165 68167 68169 68199 68214 68519 68723 69123 69190 69488 70327
 70499 70563 70565 70567 70771 70794 70806 70825 71063 71106 71229 71394
 71634 71706 72072 72202 72250 72359 72414 72458 72469 72555 72657 72764
 72800 73037 73054 73433 73553 73614 73663 73733 74074 74076 74080 74081
 74206 74211 74336 74376 74395 74417 74847 74931 75228 75239 76135 76149
 76199 76297 76474 76530 76571 76676 76698 76703 76744 76829 76870 77652
 77746 77781 77855 77955 77971 78054 78269 78315 78333 78464 78573 78628
 79104 79110 79112 79117 79206 79211 79241 79312 79336 79576 79674 79725
 79761 80333 80634 80637 80798 80801 80807 80997 81243 81249 81371 81375
 81377 81667 81669 81671 81673 81825 83098 83278 83451 83512 84028 84030
 84079 84085 84359 84405 84478 84489 84544 85051 85077 85110 85119 85126
 85247 85354 85368 85462 85464 85521 85586 85598 86156 86159 86179 86343
 86405 86641 86695 86842 87439 87452 87527 87637 87787 88212 88239 88287
 88471 88481 88630 89075 89129 89173 89233 89275 89331 89365 89547 90402
 90425 90431 90459 90471 90480 90482 90491 90530 90765 91154 91278 91301
 91325 91327 91555 91564 92224 92249 92521 92637 92721 93051 93077 93326
 93336 93345 93413 93437 93455 93483 94086 94089 94259 94327 94362 94474
 95030 95100 95119 95194 95213 95349 95445 95466 96052 96215 97204 97270
 97276 97437 97520 97656 97753 98529 98596 99084 99085 99099 99310 99326
 99510 99734 99817 99826 99834]