[ 1069  1109  1159  1169  1237  1774  1796  1809  2625  2785  2923  2959
  3046  3238  4107  4157  4177  4205  4249  4277  4299  4349  4451  4603
  4683  4703  4808  4924  4932  6110  6112  6124  6217  6456  6484  6556
  6667  6712  6766  6844  7381  7387  7545  7548  7549  7743  7747  7937
  8056  8209  8315  8371  8525  8606  9123  9376  9430  9456  9465  9557
  9577  9599  9648 10115 10117 10315 10409 10557 10829 12103 12161 12205
 12247 12249 12277 12359 12437 12557 12619 12621 12627 13051 13086 13409
 13465 13585 13595 14052 14197 14480 14550 14558 14641 14776 14959 15230
 15326 15366 15370 15537 15711 15741 15806 15890 15936 16225 16515 16548
 16816 16866 17033 17036 17094 17166 17291 17309 18106 18109 18146 18356
 18442 18528 18546 19053 19246 19306 20359 21255 21266 21337 21365 21379
 21465 21502 21509 21614 21640 22043 22113 22309 22399 22417 22419 22529
 22549 22851 22880 22926 22949 23569 23701 23795 23996 24105 24114 24119
 24223 24537 24558 24794 24808 25358 25524 25709 25746 26121 26125 26127
 26131 26197 26316 26389 26446 26524 26607 26629 26655 26725 26831 26849
 27257 27374 27419 27432 27711 27721 28203 28205 28259 28307 28759 28816
 28832 29389 29575 29633 30171 30419 30655 30823 30855 30974 30989 31185
 31224 31226 31241 31303 31582 31737 31848 32257 32312 32427 32689 32758
 33014 33100 33129 33189 33397 33415 33442 33613 33649 33775 34123 34128
 34225 34233 34266 34295 34314 34369 34471 34477 34497 34549 34560 35037
 35043 35085 35321 35418 35447 35576 35606 35625 36037 36041 36088 36179
 36251 36277 37081 37083 37133 37269 37318 37520 37671 38162 38229 38272
 38373 38678 39108 39120 39249 39387 39576 40231 40235 40476 40545 40627
 40721 40764 40822 40878 41065 41236 41239 41334 41379 41460 41464 41515
 41516 41539 41812 42113 42119 42275 42389 42553 42579 42651 42781 44147
 44267 44269 44287 44319 44328 44329 44339 44536 44789 44803 44879 45136
 45143 45145 45149 45307 45309 45475 45479 45661 45731 45768 45881 45886
 45888 45894 45897 45899 46047 46147 46240 46399 46414 46459 46483 47055
 47057 47137 47169 47249 47259 47533 47546 47574 47839 47877 47918 48147
 48268 48308 48599 48629 48691 49074 49191 49661 49733 50170 50226 50259
 50354 50389 50667 50670 50672 50825 50829 50859 50968 50999 51061 51063
 51065 51067 51149 51371 51427 51545 51570 51643 51688 52070 52074 52078
 52134 52146 52399 53121 53125 53227 53343 53518 53773 53844 53902 53913
 53919 53937 54294 54439 55116 55128 55218 55232 55283 55497 55543 55576
 56077 56206 56220 56242 56357 56370 56414 56567 56727 56729 56743 57072
 57074 57076 57271 57299 58093 58097 58099 58256 58285 58313 58509 58566
 58638 58708 58739 58802 59067 59075 59199 59227 59229 59425 59427 59439
 59872 59955 60320 60323 60326 60327 60385 60389 60431 60439 60528 61191
 61200 61381 61440 61462 63069 63128 63150 63225 63263 63571 63853 64319
 64331 64342 64625 64653 65195 65510 65520 65594 65620 65812 65824 65830
 66482 66538 66625 66740 66793 66798 67112 67125 67346 67363 67655 67714
 68165 68214 68239 68259 68307 68309 68519 68623 68723 69115 69118 69121
 69126 69412 69469 69502 70180 70190 70565 71063 71065 71116 71131 71229
 71636 71638 72076 72108 72116 72124 72138 72149 72181 72202 72250 72270
 72406 72469 72488 72510 72582 72631 73101 73342 73479 73557 73730 73734
 73760 74074 74080 74321 74597 74855 74858 74861 75038 75228 76131 76137
 76185 76189 76227 76287 76437 76467 76646 76684 76726 76744 76829 76877
 77654 77716 77761 77886 77948 77955 77960 78050 78054 78239 78315 78467
 79104 79111 79114 79117 79312 79429 79650 80333 80339 80538 80634 80637
 80686 80803 81241 81245 81249 81373 81476 81539 81673 81677 81735 81829
 81927 81929 82041 82110 82140 82216 82418 82515 83209 83229 83278 83329
 83714 84079 84106 84180 84364 84478 85229 85244 85354 85356 85386 85435
 85459 85521 85567 85586 85609 85778 86152 86153 86316 86356 86381 86420
 86514 86609 86643 86650 86660 86663 86695 86757 86830 86863 87435 87459
 87724 88045 88212 88214 88279 88281 88637 89075 89143 89165 89173 89312
 89358 90408 90425 90431 90453 90491 90513 90571 91171 91207 91247 91278
 91325 91332 91365 91731 92224 92421 92533 92536 92637 92648 92681 92685
 92721 93077 93083 93152 93164 93333 93426 93437 93444 94209 94259 94505
 95445 95463 95519 95679 95689 96047 96138 96152 96317 96328 97084 97355
 97421 97656 97769 97993 98529 98597 98634 99084 99085 99096 99423 99510
 99734 99752 99867 99976]