[ 1069  1109  1169  1187  1259  1277  1445  1458  1471  1477  1796  1816
  2625  2633  2708  2763  2788  2791  2826  2923  3050  3130  3238  3253
  4179  4249  4328  4416  4451  4552  4668  4680  4746  6128  6132  6184
  6406  6502  6542  6679  6749  6766  6844  6847  6901  6917  7356  7368
  7545  7549  7570  7743  7749  7937  8062  8107  8134  8294  8301  8523
  9120  9130  9419  9423  9456  9669 10115 10243 10247 10249 10779 10825
 10829 10965 10967 10999 12103 12207 12209 12307 12309 12357 12435 12555
 12557 12587 12621 12679 13053 13156 13187 13189 13351 13409 13435 13465
 13591 14089 14165 14469 14480 14513 14552 14612 14797 14943 14959 15230
 15320 15366 15377 15517 15562 15566 16303 16359 16727 16761 17098 17268
 17389 17419 17493 18057 18258 18445 18528 19246 19288 20251 20255 20537
 21217 21220 21266 21337 21465 21737 22085 22111 22115 22117 22159 22303
 22339 22393 22415 22459 22525 22529 22549 22763 22927 22941 23558 23701
 23866 23911 23936 23996 24105 24114 24119 24145 24211 24223 24351 24398
 24536 24537 25358 25368 25421 25436 25462 25554 25557 25569 25764 25788
 25821 26135 26180 26382 26409 26427 26434 26506 26529 26607 26655 26871
 26954 27283 27299 27474 27478 27616 27753 27755 28201 28211 28213 28217
 28219 28277 28357 29221 29308 29389 29525 29575 29614 30627 30974 30989
 31234 31311 31592 31655 31789 32105 32339 32425 32683 32694 32756 32791
 32805 33014 33102 33129 33175 33178 33397 33613 33647 33699 33739 33813
 33818 34123 34125 34212 34246 34302 34379 34414 34454 35043 35075 35396
 35625 35686 35745 36041 36391 37075 37115 37154 37308 37345 38114 38116
 38118 38120 38122 38162 38239 38315 38440 38704 38723 38820 39108 39126
 39179 39387 40211 40213 40225 40231 40477 40595 40627 40724 40822 40878
 40885 41061 41069 41199 41363 41379 41564 41748 41812 41844 42115 42275
 42283 42655 42659 42697 42781 42857 42929 44135 44143 44147 44229 44287
 44319 44329 44339 44357 44575 44652 44789 44795 44801 44803 44866 44869
 44892 45130 45145 45307 45309 45355 45473 45475 45549 45665 45699 45701
 45768 45886 45889 45891 45892 45964 45968 46145 46147 46284 46397 46419
 46459 46486 47055 47167 47228 47249 47475 47495 47623 47799 47803 47877
 47929 48143 48268 48324 48432 48527 48653 48683 48727 49076 49084 49090
 49163 49201 49324 49393 49565 49744 49767 50169 50171 50226 50321 50354
 50374 50389 50674 50739 50823 50859 50997 51061 51069 51427 51515 51545
 51702 52066 52068 52152 52224 52249 52353 52525 52531 53121 53343 53359
 53489 53498 53572 53773 53842 53881 54293 54296 54439 54470 54516 54597
 55118 55120 55129 55252 55291 55543 56076 56249 56333 56340 56355 56412
 56598 56743 57078 57368 58089 58239 58313 58453 58739 59075 59077 59348
 59368 59399 59519 59556 59581 59872 60313 60314 60385 60437 60438 60528
 60598 60599 61191 61200 61250 61267 61381 61440 63069 63150 63477 63526
 63571 63755 63811 63814 63843 64560 64625 65187 65203 65239 65326 65388
 65399 65439 65520 65795 65933 66115 66265 66450 66557 66578 66646 66706
 66740 66793 66802 66955 67071 67227 67459 67468 68159 68163 68199 68219
 68305 68542 68789 69123 69124 69126 69429 70180 70197 70329 70374 70597
 70794 71106 71120 71229 71254 71272 71522 71549 71636 71711 72074 72108
 72124 72379 72414 72461 72587 72764 72810 72829 73033 73101 73249 73430
 73525 73630 73734 73760 74074 74076 74239 74257 74348 74523 74549 74564
 74834 74850 74855 74864 74906 75015 75242 76149 76185 76189 76275 76297
 76530 76549 76684 76698 76829 76863 77652 77815 77876 77886 77977 78052
 78464 78628 78713 78727 79100 79104 79110 79199 79336 79400 79592 79618
 79674 79725 79790 80538 80634 80804 80807 81245 81377 81379 81547 81549
 81677 81737 81827 81829 82041 82140 82178 82205 82256 83410 83530 84036
 84155 85051 85101 85119 85238 85354 85356 85368 85435 85467 85630 85649
 85757 86157 86163 86199 86356 86420 86441 86447 86450 86456 86459 86514
 86633 86663 86695 86854 86935 86971 87448 88212 88239 88250 88271 88453
 88525 88605 88630 88709 89075 89077 89160 89185 89233 89518 90403 90411
 90429 90443 90449 90459 90471 90482 90522 90542 90559 90610 91074 91126
 91171 91207 91334 91358 91413 91452 91560 92224 92242 92318 92355 92358
 92421 92521 92637 92655 92709 93051 93055 93080 93086 93326 93413 93482
 93486 94051 94086 94094 94133 94259 94315 94377 94469 95111 95163 95194
 95445 95448 95671 96050 96138 96157 96158 96328 96342 96450 96476 96528
 97072 97244 97268 97424 97900 98527 98574 98587 99092 99099 99310 99425
 99625 99817 99867 99958 99976 99988]