[ 1069  1097  1099  1109  1129  1159  1257  1307  1454  1796  1809  1816
  1917  2625  2826  2828  2829  2899  3130  3172  3222  3238  4109  4249
  4277  4552  4600  4668  4683  4720  4746  4821  6110  6112  6118  6122
  6130  6184  6217  6295  6502  6526  6542  6712  6722  6809  6917  7343
  7368  7548  7570  7586  7747  7774  7937  8056  8058  8060  8062  8118
  8209  8248  8294  8301  8340  8459  8523  8525  8529  9126  9212  9456
  9471 10243 10245 10249 10315 10365 10367 10439 10555 10627 10779 10999
 12105 12107 12109 12161 12203 12207 12249 12277 12305 12347 12353 12357
 12359 12459 12555 12621 12679 12683 12689 13051 13053 13125 13156 13158
 13189 13351 13439 13507 13509 13591 13595 13629 14059 14089 14469 14547
 14548 14612 14641 14822 14979 15236 15326 15344 15366 15566 15806 15848
 15890 16225 16303 16321 16359 16540 16547 16761 17036 17098 17139 17217
 17268 17291 17309 17358 17389 17459 17491 18109 18184 18236 18273 18528
 18581 18586 19055 19322 19370 20099 20144 20251 20259 21039 21077 21109
 21129 21217 21244 21337 21423 21465 21493 21698 22041 22045 22047 22049
 22085 22143 22175 22417 22523 22527 22880 22949 22959 22964 23556 23562
 23611 23843 23909 24111 24145 24211 24235 24250 24340 24398 24632 24782
 24800 24866 24943 25335 25358 25421 25436 25451 25462 25746 25870 25938
 26125 26131 26135 26180 26382 26434 26452 26524 26603 26725 26831 26919
 26936 27283 27299 27751 27793 28203 28209 28213 28279 28327 28719 28844
 29493 29614 30159 30165 30171 30451 30455 30655 30659 30823 30826 30880
 30916 31134 31141 31180 31246 31555 31592 31655 31787 31812 32105 32130
 32257 32369 32425 32457 32549 32683 32791 32805 33100 33104 33175 33613
 33615 33719 34134 34246 34298 34355 34399 34439 34454 34471 34576 34587
 35080 35390 35410 35435 35440 35614 35644 36039 36132 36179 36251 36266
 36391 37079 37085 37139 37281 37308 37345 37586 37688 38102 38112 38118
 38122 38124 38259 38300 38315 38350 38468 38479 38547 38640 38685 38820
 38855 39104 39108 39122 39124 39171 39576 39619 40229 40235 40477 40479
 40545 40591 40595 40599 40629 40878 40882 41065 41236 41239 41468 41812
 42107 42115 42285 42327 42651 42781 42929 44139 44263 44267 44269 44309
 44319 44359 44575 44581 44625 44797 44866 44892 45326 45329 45472 45479
 45529 45659 45711 45731 45768 45772 45881 45886 45891 45892 45899 46047
 46117 46342 46395 46399 46459 46569 47167 47199 47226 47443 47475 47533
 47608 47638 47877 48231 48351 48432 48455 48485 48527 48599 48629 48653
 48691 49124 49152 49163 49176 49191 49324 49328 49429 49624 49762 49828
 49835 50169 50189 50259 50321 50354 50374 50389 50678 50735 50858 50997
 51065 51107 51371 51375 51429 51469 51588 52070 52074 52076 52080 52146
 52249 52388 52477 52499 53424 53489 53721 53757 53804 53844 53902 53913
 53925 54290 54295 54296 54426 54470 54568 55120 55129 55218 55471 55543
 55545 55595 55743 56112 56203 56218 56242 56294 56295 56410 56459 56567
 56648 56729 56743 56766 57076 57078 57234 57271 57290 57368 57555 58097
 58099 58256 58285 58300 58313 58332 58452 58454 58455 58507 58636 58675
 58769 58791 58809 59067 59174 59227 59269 59320 59469 59519 59555 59558
 59872 59955 60320 60326 60435 60439 60529 60598 60599 61130 61169 61184
 61197 61209 61231 61267 61389 63150 63225 63263 63456 63457 63477 63486
 63500 63607 63619 63628 63762 63785 63843 63856 64295 64331 64342 64385
 64405 64521 64750 65189 65232 65366 65549 65629 65843 65936 66132 66292
 66386 66440 66538 66578 66620 66687 66763 66773 66798 66822 66869 67065
 67098 67112 67295 67433 67435 67459 67574 68159 68163 68165 68167 68259
 68309 68519 68775 69190 69412 69469 69488 70188 70376 70437 70599 70806
 71069 71106 71134 71229 71292 71364 71384 71549 71634 71672 71711 72108
 72119 72149 72250 72414 72488 72555 72639 72657 72760 72764 72810 72827
 72829 73035 73084 73087 73117 73230 73326 73433 73463 73479 73529 73553
 73557 73642 73655 73663 73730 73750 73760 73765 73776 74074 74076 74245
 74321 74395 74523 74564 74749 74834 75038 75172 75196 75433 76131 76149
 76227 76297 76456 76549 76593 76646 76669 76676 76689 76703 76863 77656
 77716 77815 77855 77948 78050 78052 78054 78234 78333 78462 78664 78667
 78727 79106 79183 79199 79252 79271 79541 79674 79843 80331 80469 80634
 80637 80797 80798 80804 80805 80807 80933 80993 80995 81245 81247 81375
 81377 81379 81479 81547 81671 81673 81677 81739 81925 81927 82008 82110
 82178 82205 82216 82256 82515 83224 83278 83317 83451 83512 83530 83558
 83714 84034 84036 84335 84416 84453 84489 85051 85077 85095 85229 85244
 85368 85456 85461 85540 85560 85567 85622 85635 85748 85757 86152 86153
 86163 86165 86343 86356 86420 86450 86459 86473 86480 86565 86641 86650
 86655 86854 86923 86935 86956 86971 87435 88074 88097 88212 88239 88451
 88525 88637 88690 89073 89075 89079 89134 89185 89233 89312 89346 89522
 89567 89584 90402 90403 90408 90419 90427 90443 90451 90461 90473 90489
 90530 90547 90556 90571 90765 91058 91207 91217 91301 91325 91365 91522
 91632 91757 91781 91788 92224 92237 92331 92355 92360 92421 92444 92637
 92681 92694 93164 93333 93345 93455 94032 94469 94491 94508 95100 95119
 95188 95194 95444 95448 95463 95689 96049 96114 96126 96178 96337 96515
 97072 97078 97225 97246 97268 97270 97421 97488 97491 97497 97737 97941
 97993 98574 98617 98701 98724 98744 99084 99085 99092 99096 99195 99310
 99510 99752 99755 99817 99867]