 ⠀  ⠀
(6077
,1235
01067
01069
01097
01099
01108
01109
01127
01129
01139
01156
01157
01159
01169
01187
01189
01217
01219
01237
01239
01257
01259
01277
01279
01307
01309
01324
01326
01445
01454
01458
01471
01477
01561
01587
01589
01612
01619
01623
01640
01662
01683
01689
01705
01723
01728
01734
01744
01768
01774
01778
01796
01809
01816
01833
01844
01847
01877
01896
01900
01904
01917
01920
01945
01968
01979
01987
01990
02625
02633
02681
02708
02727
02730
02739
02742
02747
02763
02785
02788
02791
02794
02826
02827
02828
02829
02894
02899
02923
02929
02943
02959
02977
02979
02991
03042
03044
03046
03048
03050
03051
03058
03096
03116
03119
03130
03149
03172
03185
03205
03222
03226
03229
03238
03249
03253
03531
04103
04105
04107
04109
04129
04155
04157
04158
04159
04177
04178
04179
04205
04207
04209
04229
04249
04275
04277
04279
04288
04299
04315
04316
04317
04319
04321
04328
04329
04347
04349
04357
04416
04420
04425
04435
04451
04509
04552
04564
04600
04603
04610
04626
04639
04643
04651
04668
04680
04683
04703
04720
04746
04749
04758
04774
04808
04821
04838
04860
04874
04880
04886
04895
04910
04916
04924
04928
04931
04932
04936
04938
06108
06110
06112
06114
06116
06118
06120
06122
06124
06126
06128
06130
06132
06179
06184
06188
06193
06217
06231
06237
06242
06249
06258
06268
06279
06295
06313
06317
06333
06343
06347
06366
06385
06388
06406
06420
06425
06429
06449
06456
06463
06484
06485
06493
06502
06526
06528
06536
06542
06556
06567
06577
06618
06628
06647
06648
06667
06679
06711
06712
06722
06729
06749
06766
06772
06774
06785
06796
06800
06809
06842
06844
06846
06847
06849
06862
06869
06886
06895
06901
06905
06917
07318
07333
07338
07343
07356
07368
07381
07387
07407
07422
07426
07545
07546
07548
07549
07552
07554
07570
07586
07589
07607
07616
07629
07646
07743
07745
07747
07749
07751
07768
07774
07806
07907
07924
07929
07937
07950
07980
07985
07987
08056
08058
08060
08062
08064
08066
08107
08112
08115
08118
08132
08134
08141
08209
08223
08228
08233
08248
08258
08262
08280
08289
08294
08297
08301
08315
08340
08352
08371
08393
08396
08412
08451
08459
08468
08485
08491
08523
08525
08529
08538
08547
08606
08626
08645
09111
09112
09113
09114
09116
09117
09119
09120
09122
09123
09125
09126
09127
09130
09131
09212
09217
09221
09224
09232
09244
09247
09306
09322
09326
09328
09337
09350
09353
09366
09376
09387
09392
09405
09419
09429
09430
09434
09456
09465
09468
09471
09484
09509
09548
09557
09573
09577
09599
09600
09618
09619
09648
09661
09669
10114
10115
10117
10119
10178
10179
10243
10245
10247
10249
10315
10317
10318
10319
10365
10367
10369
10405
10407
10409
10435
10437
10439
10551
10553
10555
10557
10559
10587
10589
10609
10623
10627
10629
10709
10711
10713
10715
10717
10719
10779
10781
10783
10785
10825
10827
10829
10961
10963
10965
10967
10969
10997
10999
12043
12045
12047
12049
12053
12055
12057
12059
12099
12101
12103
12105
12107
12109
12157
12159
12161
12163
12167
12169
12203
12205
12207
12209
12234
12247
12249
12277
12279
12305
12307
12309
12347
12349
12351
12353
12355
12357
12359
12435
12437
12439
12459
12487
12489
12524
12529
12555
12557
12559
12587
12619
12621
12623
12627
12629
12679
12681
12683
12685
12687
12689
13051
13053
13055
13057
13059
13086
13088
13089
13125
13127
13156
13158
13159
13187
13189
13347
13351
13353
13355
13357
13359
13403
13407
13409
13435
13437
13439
13462
13465
13467
13469
13503
13505
13507
13509
13581
13583
13585
13587
13589
13591
13593
13595
13596
13599
13627
13629
13651
13ü53
14050
14052
14057
14059
14089
14163
14165
14167
14169
14193
14195
14197
14199
14467
14469
14471
14473
14476
14478
14480
14482
14483
14513
14532
14542
14547
14548
14550
14552
14558
145⁵4
14612
14621
14641
14662
14669
14712
14715
14727
14770
14772
14776
14778
14793
14797
14798
14822
14913
14943
14959
14974
14979
15230
15234
15236
15295
15306
15320
15326
15344
15345
15366
15370
15377
15378
15517
15518
15526
15537
15562
15566
15569
15711
15712
15713
15732
15738
15741
15745
15746
15748
15749
15754
15757
15806
15827
15831
15834
15848
15890
15907
15910
15913
15926
15936
16221
16225
16227
16244
16259
16269
16278
16303
16306
16321
16341
16348
16356
16359
16515
16540
16547
16548
16552
16562
16727
16761
16767
16775
16792
16816
16866
16909
16928
17033
17034
17036
17039
17087
17094
17098
17109
17111
17126
17139
17153
17166
17192
17207
17209
17214
17217
17235
17237
17252
17258
17268
17291
17306
17309
17321
17358
17367
17373
17389
17391
17398
17406
17419
17438
17440
17449
17459
17489
17491
17493
17495
17498
17506
17509
18055
18057
18059
18069
18106
18107
18109
18119
18146
18181
18184
18190
18195
18196
18198
18209
18233
18236
18239
18246
18249
18258
18273
18276
18292
18299
18311
18320
18334
18356
18435
18437
18439
18442
18445
18507
18516
18519
18528
18546
18556
18574
18581
18586
19053
19055
19057
19059
19061
19063
19065
19067
19069
19073
19075
19086
19089
19205
19217
19230
19243
19246
19249
19258
19288
19300
19306
19309
19322
19339
19370
19376
19386
19395
19399
19406
19412
19417
20095
20099
20144
20146
20249
20251
20253
20255
20257
20259
20355
20357
20359
20457
20535
20537
20539
21029
21031
21033
21035
21037
21039
21073
21075
21077
21079
21109
21129
21147
21149
21217
21218
21220
21224
21227
21244
21255
21258
21266
21271
21279
21335
21337
21354
21357
21365
21376
21379
21385
21386
21388
21391
21394
21401
21423
21435
21441
21465
21481
21493
21502
21509
21516
21524
21614
21629
21635
21640
21644
21680
21682
21698
21702
21706
21709
21710
21714
21717
21720
21726
21734
21737
21745
21755
21762
21765
21770
21776
21781
21785
22041
22043
22045
22047
22049
22081
22083
22085
22087
22089
22111
22113
22115
22117
22119
22143
22145
22147
22149
22159
22175
22177
22179
22297
22299
22301
22303
22305
22307
22309
22335
22337
22339
22359
22393
22395
22397
22399
22415
22417
22419
22453
22455
22457
22459
22523
22525
22527
22529
22547
22549
22554
22559
22571
22587
22589
22609
22761
22763
22765
22767
22769
22844
22846
22848
22850
22851
22869
22880
22885
22926
22927
22929
22941
22949
22955
22959
22962
22964
23552
23554
23556
23558
23560
23562
23564
23566
23569
23570
23611
23617
23623
23626
23669
23683
23701
23714
23715
23730
23758
23769
23774
23795
23812
23816
23823
23843
23847
23858
23866
23867
23879
23881
23898
23909
23911
23923
23936
23946
23966
23968
23970
23996
24103
24105
24106
24107
24109
24111
24113
24114
24116
24118
24119
24143
24145
24146
24147
24148
24149
24159
24161
24211
24214
24217
24223
24226
24229
24232
24235
24245
24247
24250
24306
24321
24340
24351
24376
24392
24395
24398
24402
24416
24534
24536
24537
24539
24558
24568
24576
24582
24589
24594
24601
24616
24629
24632
24641
24782
24790
24791
24794
24799
24800
24806
24808
24811
24837
24848
24852
24866
24869
24890
24937
24939
24941
24943
24944
24966
24975
24976
24977
24980
24983
24986
24997
25105
25335
25336
25337
25348
25355
25358
25368
25377
25421
25436
25451
25462
25469
25474
25479
25486
25492
25497
25524
25551
25554
25557
25558
25560
25563
25566
25569
25572
25593
25596
25709
25712
25713
25715
25746
25764
25767
25774
25788
25813
25821
25836
25845
25849
25866
25870
25872
25881
25885
25917
25923
25938
25980
26121
26122
26123
26125
26127
26129
26131
26133
26135
26160
26169
26180
26188
26197
26199
26215
26316
26345
26349
26382
26386
26388
26389
26409
26419
26427
26434
26441
26446
26452
26487
26506
26524
26529
26532
26548
26556
26603
26605
26607
26624
26629
26632
26639
26655
26676
26683
26689
26721
26723
26725
26736
26759
26789
26802
26810
26817
26831
26842
26844
26845
26849
26871
26892
26907
26919
26931
26936
26954
26969
27211
27232
27239
27243
27245
27252
27257
27283
27299
27308
27313
27321
27339
27356
27367
27372
27374
27383
27386
27404
27419
27432
27442
27472
27474
27476
27478
27568
27570
27572
27574
27576
27578
27607
27612
27616
27619
27624
27628
27639
27711
27721
27726
27729
27749
27751
27753
27755
27777
27793
27798
27804
27809
28195
28197
28199
28201
28203
28205
28207
28209
28211
28213
28215
28217
28219
28237
28239
28259
28277
28279
28307
28309
28325
28327
28329
28355
28357
28359
28717
28719
28755
28759
28779
28790
28816
28832
28844
28857
28865
28869
28876
28879
29221
29223
29225
29227
29229
29303
29308
29313
29320
29323
29328
29331
29336
29339
29351
29356
29364
29369
29379
29389
29392
29393
29399
29410
29451
29459
29475
29482
29488
29493
29494
29525
29549
29559
29562
29571
29574
29575
29576
29591
29614
29633
29640
29664
2q337
30159
30161
30163
30165
30167
30169
30171
30173
30175
30177
30179
30419
30449
30451
30455
30457
30459
30519
30539
30559
30625
30627
30629
30655
30657
30659
30823
30826
30827
30851
30853
30855
30880
30890
30900
30916
30926
30938
30952
30966
30974
30982
30989
31008
31020
31061
31073
31079
31134
31135
31139
31141
31157
31162
31167
31171
31177
31180
31185
31195
31199
31224
31226
31228
31234
31241
31246
31249
31275
31303
31311
31319
31515
31535
31542
31555
31558
31559
31582
31592
31600
31608
31618
31636
31637
31655
31675
31683
31688
31693
31698
31712
31717
31737
31749
31785
31787
31789
31812
31832
31848
31855
31860
31863
31867
32049
32051
32052
32105
32107
32108
32120
32130
32257
32278
32289
32312
32339
32351
32361
32369
32423
32425
32427
32429
32457
32469
32479
32545
32547
32549
32584
32602
32609
32657
32683
32689
32694
32699
32756
32758
32760
32791
32805
32816
32825
32839
33014
33034
33039
33098
33100
33102
33104
33106
33129
33142
33154
33175
33178
33181
33189
33330
33332
33334
33335
33378
33397
33415
33428
33442
33449
33602
33604
33605
33607
33609
33611
33613
33615
33617
33619
33647
33649
33659
33689
33699
33719
33729
33739
33758
33775
33790
33791
33803
33813
33818
33824
34102
34117
34119
34121
34123
34125
34127
34128
34130
34131
34132
34134
34212
34225
34230
34233
34246
34253
34260
34266
34270
34277
34286
34289
34292
34295
34298
34302
34314
34317
34326
34346
34355
34359
34369
34379
34388
34393
34399
34414
34431
34434
34439
34454
34466
34471
34474
34477
34497
34519
34549
34554
34560
34576
34582
34587
34588
34593
34599
34613
34621
34630
34633
35037
35039
35043
35066
35075
35080
35083
35085
35091
35096
35099
35102
35117
35216
35260
35274
35279
35285
35305
35315
35321
35325
35390
35392
35394
35396
35398
35410
35415
35418
35428
35435
35440
35444
35447
35460
35466
35469
35510
35516
35519
35576
35578
35585
35586
35606
35614
35619
35625
35630
35633
35638
35644
35647
35686
35688
35708
35713
35745
35753
35756
35759
35781
35789
35792
35794
35796
36037
36039
36041
36043
36088
36093
36100
36103
36110
36119
36129
36132
36137
36151
36160
36179
36199
36205
36208
36251
36252
36266
36269
36272
36277
36289
36304
36325
36341
36355
36364
36367
36381
36391
36396
36399
36433
36448
36460
36469
37073
37075
37077
37079
37081
37083
37085
37115
37120
37124
37127
37130
37133
37139
37154
37170
37176
37181
37191
37213
37215
37217
37269
37276
37281
37293
37297
37308
37318
37327
37345
37351
37412
37431
37434
37441
37444
37445
37520
37539
37574
37581
37586
37589
37603
37619
37620
37633
37647
37671
37688
38100
38102
38104
38106
38108
38110
38112
38114
38116
38118
38120
38122
38124
38126
38154
38159
38162
38165
38170
38173
38176
38226
38228
38229
38239
38250
38259
38272
38275
38279
38300
38302
38304
38315
38321
38324
38350
38364
38372
38373
38378
38440
38442
38444
38448
38458
38468
38479
38486
38489
38518
38524
38533
38547
38640
38642
38644
38667
38678
38685
38690
38700
38704
38707
38723
38729
38820
38822
38855
38871
38889
39104
39106
39108
39110
39112
39114
39116
39118
39120
39122
39124
39126
39128
39130
39171
39175
39179
39217
39218
39221
39245
39249
39261
39264
39288
39291
39307
39326
39343
39356
39359
39387
39393
39397
39418
39439
39443
39444
39517
39524
39539
39576
39590
39606
39615
39619
39624
39638
39646
40210
40211
40213
40215
40219
40221
40223
40225
40227
40229
40231
40233
40235
40395
40468
40470
40472
40474
40476
40477
40479
40489
40545
40549
40589
40591
40593
40595
40597
40599
40625
40627
40629
40667
40668
40670
40699
40721
40723
40724
40764
40789
40822
40878
40880
40882
40885
41061
41063
41065
41066
41068
41069
41169
41179
41189
41199
41236
41238
41239
41334
41352
41363
41366
41379
41460
41462
41464
41466
41468
41469
41470
41472
41515
41516
41517
41539
41540
41541
41542
41564
41569
41747
41748
41749
41751
41812
41813
41836
41844
41849
42103
42107
42109
42111
42113
42115
42117
42119
42275
42277
42279
42281
42283
42285
42287
42289
42327
42329
42349
42369
42389
42399
42477
42489
42499
42549
42551
42553
42555
42579
42651
42653
42655
42657
42659
42697
42699
42719
42781
42799
42853
42855
42857
42859
42897
42899
42929
42977
44135
44137
44139
44141
44143
44145
44147
44149
44225
44227
44229
44263
44265
44267
44269
44287
44309
44319
44328
44329
44339
44357
44359
44369
44379
44388
44532
44534
44536
44575
44577
44579
44581
44623
44625
44627
44628
44629
44649
44651
44652
44653
44787
44789
44791
44793
44795
44797
44799
44801
44803
44805
44807
44809
44866
44867
44869
44879
44892
44894
45127
45128
45130
45131
45133
45134
45136
45139
45141
45143
45144
45145
45147
45149
45219
45231
45239
45259
45276
45277
45279
45289
45307
45309
45326
45327
45329
45355
45356
45357
45359
45468
45470
45472
45473
45475
45476
45479
45481
45525
45527
45529
45532
45549
45657
45659
45661
45663
45665
45675
45699
45701
45711
45721
45731
45739
45768
45770
45771
45772
45791
45881
45883
45884
45886
45888
45889
45891
45892
45894
45896
45897
45899
45964
45966
45968
46045
46047
46049
46117
46119
46145
46147
46149
46236
46238
46240
46242
46244
46282
46284
46286
46325
46342
46348
46354
46395
46397
46399
46419
46446
46459
46483
46485
46486
46487
46499
46509
46514
46519
46535
46537
46539
46562
46569
47051
47053
47055
47057
47058
47119
47137
47139
47167
47169
47178
47179
47198
47199
47226
47228
47229
47239
47249
47259
47269
47441
47443
47445
47447
47475
47495
47506
47533
47546
47574
47589
47608
47623
47626
47627
47638
47652
47665
47798
47799
47800
47802
47803
47804
47805
47807
47809
47829
47839
47877
47906
47918
47929
48143
48145
48147
48149
48151
48153
48155
48157
48159
48161
48163
48165
48167
48231
48249
48268
48282
48291
48301
48308
48317
48324
48329
48336
48341
48346
48351
48356
48429
48431
48432
48455
48465
48477
48480
48485
48488
48527
48529
48531
48565
48599
48607
48629
48653
48683
48691
48703
48720
48727
48734
49074
49076
49078
49080
49082
49084
49086
49088
49090
49124
49134
49143
49152
49163
49170
49176
49191
49196
49201
49205
49214
49324
49328
49337
49356
49377
49393
49401
49429
49456
49459
49477
49479
49492
49497
49504
49525
49565
49586
49593
49597
49624
49626
49635
49637
49661
49688
49692
49696
49699
49716
49733
49744
49751
49757
49762
49767
49774
49779
49808
49809
49811
49824
49828
49835
49838
50000
50127
50129
50169
50170
50171
50181
50189
50226
50254
50259
50321
50354
50374
50389
50667
50668
50670
50672
50674
50676
50677
50678
50679
50733
50734
50735
50737
50739
50765
50767
50769
50823
50825
50827
50829
50858
50859
50923
50931
50933
50935
50937
50939
50968
50969
50993
50996
50997
50999
51061
51063
51065
51067
51069
51103
51105
51107
51109
51117
51143
51145
51147
51149
51371
51373
51375
51377
51379
51381
51399
51427
51429
51465
51467
51469
51491
51503
51515
51519
51545
51570
51580
51588
51597
51643
51645
51647
51674
51688
51702
51766
51789
52062
52066
52068
52070
52072
52074
52076
52078
52080
52134
52146
52152
52159
52222
52224
52249
52351
52353
52355
52372
52379
52382
52385
52388
52393
52399
52428
52441
52445
52457
52477
52499
52511
52525
52531
52538
53111
53113
53115
53117
53121
53123
53125
53127
53129
53175
53177
53179
53225
53227
53229
53296
53332
53340
53343
53347
53359
53424
53474
53489
53498
53501
53506
53518
53520
53545
53547
53557
53572
53577
53578
53604
53619
53639
53721
53757
53773
53783
53797
53804
53809
53819
53840
53842
53844
53859
53879
53881
53894
53902
53909
53913
53919
53925
53937
53940
53945
53949
54290
54292
54293
54294
54295
54296
54298
54306
54309
54310
54311
54313
54314
54316
54317
54329
54332
54338
54340
54341
54347
54411
54413
54421
54426
54429
54439
54441
54470
54472
54484
54497
54498
54516
54528
54536
54538
54550
54552
54568
54570
54576
54578
54595
54597
54608
54614
54634
54636
54649
54655
54662
54663
54673
54840
55116
55118
55120
55122
55124
55126
55127
55128
55129
55130
55131
55218
55232
55234
55252
55257
55262
55263
55268
55270
55271
55276
55278
55283
55288
55291
55294
55299
55411
55425
55430
55435
55437
55442
55452
55459
55469
55471
55481
55487
55490
55497
55543
55545
55559
55566
55571
55576
55585
55595
55596
55607
55624
55629
55743
55758
55767
56068
56070
56072
56073
56075
56076
56077
56112
56130
56132
56154
56170
56179
56191
56203
56204
56206
56218
56220
56235
56237
56242
56244
56249
56269
56271
56288
56290
56294
56295
56299
56305
56307
56323
56329
56333
56338
56340
56346
56355
56357
56370
56410
56412
56414
56422
56459
56462
56470
56477
56479
56564
56566
56567
56575
56579
56581
56593
56598
56626
56637
56648
56653
56656
56727
56729
56743
56759
56761
56766
56814
56843
56856
56865
57072
57074
57076
57078
57080
57223
57234
57250
57258
57271
57290
57299
57319
57334
57368
57392
57399
57413
57439
57462
57482
57489
57518
57555
57562
57572
57580
57583
57587
57610
57612
57614
57627
57629
57632
57635
57639
57641
58089
58091
58093
58095
58097
58099
58119
58135
58239
58256
58285
58300
58313
58332
58339
58452
58453
58454
58455
58456
58507
58509
58511
58515
58540
58553
58566
58579
58636
58638
58640
58642
58644
58675
58706
58708
58710
58730
58739
58762
58769
58791
58802
58809
58840
58849
59063
59065
59067
59069
59071
59073
59075
59077
59174
59192
59199
59227
59229
59269
59270
59302
59320
59329
59348
59368
59379
59394
59399
59423
59425
59427
59439
59457
59469
59494
59505
59514
59519
59555
59556
59557
59558
59581
59590
59597
59602
59609
59755
59757
59759
59846
59872
59909
59929
59939
59955
59964
60311
60313
60314
60316
60318
60320
60322
60323
60326
60327
60329
60385
60386
60389
60431
60433
60435
60437
60438
60439
60486
60487
60488
60489
60528
60529
60594
60596
60598
60599
61118
61130
61137
61138
61169
61184
61191
61197
61200
61203
61209
61231
61239
61250
61267
61276
61348
61350
61352
61369
61381
61389
61440
61449
61462
61476
63065
63067
63069
63071
63075
63110
63128
63150
63165
63179
63225
63263
63303
63322
63329
63450
63452
63454
63456
63457
63477
63486
63500
63505
63512
63517
63526
63538
63543
63546
63571
63579
63584
63589
63594
63599
63607
63619
63628
63654
63667
63679
63683
63688
63691
63739
63741
63743
63755
63762
63768
63776
63785
63791
63796
63801
63811
63814
63820
63824
63825
63826
63829
63834
63839
63843
63846
63853
63856
63864
63868
63874
63875
63897
63906
63916
63920
63925
63937
64283
64285
64287
64289
64291
64293
64295
64297
64319
64331
64342
64347
64354
64367
64372
64380
64385
64395
64401
64404
64405
64521
64546
64560
64569
64572
64579
64584
64589
64625
64646
64653
64658
64668
64686
64689
64711
64720
64732
64739
64747
64750
64753
64760
64807
64823
64832
64839
64846
64850
64853
64859
65183
65185
65187
65189
65191
65193
65195
65197
65199
65203
65205
65207
65232
65239
65307
65321
65326
65329
65334
65343
65344
65346
65347
65366
65375
65385
65388
65396
65399
65428
65439
65451
65462
65468
65474
65479
65510
65520
65527
65529
65549
65558
65582
65583
65589
65594
65599
65604
65614
65618
65620
65623
65629
65760
65779
65795
65812
65817
65824
65830
65835
65843
65929
65931
65933
65934
65936
66111
66113
66115
66117
66121
66123
66125
66126
66127
66128
66130
66131
66132
66133
66265
66271
66280
66287
66292
66299
66333
66346
66386
66399
66424
66440
66450
66453
66459
66482
66509
66538
66539
66557
66564
66571
66578
66606
66620
66625
66629
66646
66663
66679
66687
66693
66701
66706
66740
66763
66773
66780
66787
66793
66798
66802
66809
66822
66839
66849
66869
66877
66885
66887
66892
66903
66909
66914
66916
66919
66953
66954
66955
66957
66976
66989
66996
66999
67059
67061
67063
67065
67067
67069
67071
67098
67105
67112
67117
67122
67125
67133
67141
67150
67165
67169
67227
67240
67246
67251
67259
67269
67271
67273
67281
67292
67294
67295
67304
67307
67308
67316
67319
67346
67363
67365
67366
67378
67433
67434
67435
67454
67459
67468
67480
67547
67549
67550
67551
67574
67575
67577
67582
67583
67585
67596
67655
67657
67659
67661
67685
67686
67688
67691
67700
67701
67714
67744
67753
67757
67759
67806
67808
67822
67823
68159
68161
68163
68165
68167
68169
68199
68214
68219
68229
68239
68259
68305
68307
68309
68519
68526
68535
68542
68549
68623
68642
68647
68723
68753
68766
68775
68782
68789
68794
68804
68809
69115
69117
69118
69120
69121
69123
69124
69126
69151
69168
69181
69190
69198
69207
69214
69221
69226
69231
69234
69239
69253
69314
69412
69427
69429
69435
69469
69483
69488
69493
69502
69509
69514
70173
70174
70176
70180
70186
70188
70190
70191
70192
70193
70195
70197
70199
70327
70329
70372
70374
70376
70378
70435
70437
70439
70469
70479
70499
70563
70565
70567
70569
70597
70599
70619
70629
70709
70734
70736
70771
70794
70806
70825
70839
71032
71034
71063
71065
71069
71083
71088
71101
71106
71111
71116
71120
71126
71131
71134
71144
71229
71254
71263
71272
71292
71332
71334
71336
71364
71384
71394
71404
71409
71522
71540
71543
71546
71549
71554
71563
71634
71636
71638
71642
71672
71679
71686
71691
71696
71701
71706
71711
71717
71720
71723
71732
71739
72070
72072
72074
72076
72108
72116
72119
72124
72127
72135
72138
72141
72144
72145
72149
72160
72178
72181
72184
72189
72202
72213
72224
72226
72250
72270
72296
72336
72337
72359
72379
72393
72406
72411
72414
72458
72459
72461
72469
72475
72488
72510
72511
72514
72516
72525
72532
72555
72574
72581
72582
72587
72589
72622
72631
72639
72644
72654
72657
72660
72666
72675
72760
72762
72764
72766
72768
72770
72793
72800
72805
72810
72813
72820
72827
72829
73033
73035
73037
73054
73061
73072
73084
73087
73098
73101
73102
73105
73110
73114
73117
73119
73207
73228
73230
73235
73240
73249
73262
73265
73269
73271
73277
73312
73326
73329
73342
73430
73432
73433
73434
73441
73447
73453
73457
73460
73463
73466
73479
73492
73525
73527
73529
73530
73547
73550
73553
73557
73560
73563
73565
73568
73614
73630
73635
73642
73650
73655
73660
73663
73666
73728
73730
73732
73733
73734
73750
73760
73761
73765
73776
74072
74074
74076
74078
74080
74081
74172
74177
74182
74189
74196
74199
74206
74211
74214
74219
74223
74226
74232
74235
74239
74245
74248
74255
74257
74321
74336
74348
74354
74357
74360
74366
74376
74379
74385
74391
74394
74395
74417
74420
74423
74523
74535
74538
74541
74547
74564
74572
74594
74597
74599
74613
74626
74629
74632
74635
74722
74743
74746
74749
74834
74847
74850
74855
74858
74861
74864
74865
74889
74906
74915
74921
74924
74925
74927
74931
74936
74937
75015
75031
75038
75045
75050
75056
75172
75173
75175
75177
75180
75181
75196
75203
75217
75223
75228
75239
75242
75245
75323
75328
75335
75365
75378
75382
75385
75387
75392
75394
75417
75433
75447
76131
76133
76135
76137
76139
76149
76185
76187
76189
76199
76227
76228
76229
76275
76287
76297
76316
76321
76327
76337
76344
76351
76356
76437
76448
76456
76467
76474
76476
76477
76530
76532
76534
76547
76549
76571
76593
76646
76661
76669
76676
76684
76689
76698
76703
76706
76707
76709
76726
76744
76756
76761
76764
76767
76770
76779
76829
76831
76835
76848
76863
76870
76877
76879
76887
76889
77652
77654
77656
77694
77704
77716
77723
77728
77731
77740
77743
77746
77756
77761
77767
77770
77781
77790
77815
77836
77839
77855
77866
77871
77876
77880
77886
77933
77948
77955
77960
77966
77971
77977
77978
78048
78050
78052
78054
78056
78073
78089
78098
78112
78114
78132
78166
78176
78183
78187
78224
78234
78239
78244
78247
78267
78269
78315
78333
78351
78359
78462
78464
78467
78479
78532
78549
78573
78583
78588
78628
78647
78652
78661
78662
78664
78667
78713
78727
78733
78736
79098
79100
79102
79104
79106
79108
79110
79111
79112
79114
79115
79117
79183
79189
79194
79199
79206
79211
79215
79224
79227
79232
79235
79238
79241
79252
79254
79258
79261
79263
79271
79274
79276
79285
79288
79292
79312
79331
79336
79341
79346
79353
79361
79364
79379
79395
79400
79418
79429
79539
79540
79541
79576
79585
79588
79589
79592
79618
79639
79649
79650
79674
79682
79725
79730
79737
79761
79777
79787
79790
79798
79807
79809
79822
79843
79848
79858
79859
79874
80331
80333
80335
80336
80337
80339
80362
8046
80469
80538
80634
80636
80637
80638
80686
80687
80689
80796
80797
80798
80799
80801
80802
80803
80804
80805
80807
80809
80933
80935
80937
80939
80992
80993
80995
80997
80999
81241
81243
81245
81247
81249
81369
81371
81373
81375
81377
81379
81475
81476
81477
81479
81539
81541
81543
81545
81547
81549
81667
81669
81671
81673
81675
81677
81679
81735
81737
81739
81825
81827
81829
81925
81927
81929
82008
82024
82030
82031
82041
82049
82110
82140
82152
82166
82178
82205
82216
82223
82239
82256
82269
82275
82287
82296
82299
82319
82327
82335
82362
82377
82380
82405
82418
82431
82436
82447
82467
82487
82491
82493
82515
82538
82547
83022
83024
83026
83043
83052
83059
83064
83071
83075
83088
83098
83101
83104
83109
83112
83121
83123
83125
83126
83128
83131
83132
83209
83224
83229
83233
83278
83301
83308
83317
83324
83329
83334
83346
83355
83358
83377
83395
83404
83410
83435
83451
83454
83467
83471
83483
83487
83512
83527
83530
83543
83555
83558
83569
83607
83620
83623
83646
83671
83677
83700
83714
83727
83733
84028
84030
84032
84034
84036
84048
84051
84056
84061
84072
84079
84085
84095
84100
84104
84106
84107
84109
84130
84137
84140
84144
84149
84152
84155
84160
84169
84172
84174
84180
84307
84329
84332
84335
84347
84359
84364
84378
84385
84387
84405
84416
84419
84431
84453
84478
84489
84494
84503
84508
84513
84518
84524
84543
84544
84547
84561
84571
84576
85051
85055
85057
85077
85080
85084
85088
85092
85095
85098
85101
85104
85107
85110
85117
85119
85122
85126
85131
85139
85221
85229
85232
85235
85238
85241
85244
85247
85250
85253
85256
85259
85276
85283
85298
85301
85305
85354
85356
85368
85375
85386
85391
85395
85399
85405
85406
85410
85416
85419
85435
85452
85456
85459
85461
85462
85464
85465
85467
85521
85540
85551
85560
85567
85570
85579
85586
85591
85598
85604
85609
85622
85630
85635
85640
85643
85649
85652
85653
85661
85664
85669
85716
85737
85748
85757
85774
85778
86150
86152
86153
86154
86156
86157
86159
86161
86163
86165
86167
86169
86179
86199
86316
86343
86344
86356
86368
86381
86391
86399
86405
86415
86420
86424
86438
86441
86447
86450
86456
86459
86462
86465
86473
86476
86477
86480
86505
86510
86514
86529
86551
86554
86561
86565
86567
86573
86576
86577
86579
86609
86633
86637
86641
86643
86647
86650
86655
86657
86660
86663
86666
86669
86675
86695
86698
86704
86720
86732
86745
86757
86807
86825
86830
86833
86836
86842
86845
86854
86856
86862
86863
86865
86875
86899
86916
86923
86925
86929
86932
86935
86937
86938
86949
86956
86971
87435
87437
87439
87448
87452
87459
87477
87480
87487
87488
87509
87527
87534
87538
87541
87544
87545
87600
87616
87629
87637
87645
87654
87656
87665
87671
87672
87674
87700
87719
87724
87727
87737
87742
87752
87754
87763
87767
87776
87787
88045
88046
88048
88069
88074
88085
88094
88097
88131
88138
88142
88145
88161
88212
88214
88239
88250
88263
88271
88279
88281
88285
88287
88299
88316
88319
88326
88339
88348
88353
88356
88364
88367
88368
88370
88400
88410
88422
88427
88430
88433
88437
88441
88451
88453
88457
88471
88477
88480
88481
88489
88499
88515
88525
88605
88630
88633
88637
88639
88662
88677
88682
88690
88709
88718
89073
89075
89077
89079
89081
89129
89134
89143
89150
89160
89165
89171
89173
89179
89180
89185
89186
89189
89192
89198
89231
89233
89250
89275
89278
89281
89284
89287
89299
89312
89331
89335
89343
89346
89358
89365
89407
89415
89423
89444
89446
89518
89520
89522
89537
89542
89547
89551
89555
89564
89567
89584
89601
89608
90015
90402
90403
90408
90409
90411
90419
90425
90427
90429
90431
90433
90439
90441
90443
90449
90451
90453
90455
90459
90461
90469
90471
90473
90475
90478
90480
90482
90489
90491
90513
90518
90522
90530
90537
90542
90547
90552
90556
90559
90562
90569
90571
90574
90579
90584
90587
90596
90602
90610
90613
90614
90616
90617
90619
90762
90763
90765
90766
90768
91052
91054
91056
91058
91074
91083
91088
91090
91093
91126
91154
91161
91166
91171
91174
91207
91217
91220
91233
91236
91238
91247
91257
91275
91278
91282
91301
91315
91320
91322
91325
91327
91332
91334
91336
91358
91365
91413
91438
91452
91463
91475
91487
91522
91541
91550
91555
91560
91564
91575
91595
91604
91610
91611
91623
91629
91632
91637
91710
91723
91731
91757
91781
91788
91793
91802
91807
92224
92237
92242
92245
92249
92253
92260
92274
92281
92283
92287
92318
92331
92334
92339
92353
92355
92358
92360
92364
92421
92431
92442
92444
92507
92521
92526
92533
92536
92539
92555
92637
92648
92655
92666
92681
92685
92690
92694
92706
92709
92715
92721
93047
93049
93051
93053
93055
93057
93059
93073
93077
93080
93083
93086
93098
93107
93109
93128
93142
93152
93155
93158
93164
93170
93173
93176
93177
93180
93218
93309
93326
93333
93336
93342
93345
93346
93413
93426
93437
93444
93449
93453
93455
93458
93466
93470
93482
93483
93485
93486
94032
94034
94036
94051
94060
94072
94078
94086
94089
94094
94107
94110
94113
94116
94130
94133
94136
94143
94149
94167
94209
94227
94234
94238
94239
94249
94253
94256
94259
94265
94315
94327
94333
94344
94353
94362
94377
94379
94419
94428
94431
94447
94469
94474
94481
94486
94491
94501
94505
94508
94513
94535
94544
94550
94556
94559
94563
94566
95028
95030
95032
95100
95111
95119
95126
95131
95145
95163
95173
95179
95188
95189
95194
95213
95233
95236
95237
95326
95336
95349
95355
95365
95444
95445
95447
95448
95463
95466
95469
95482
95485
95490
95503
95508
95512
95519
95615
95632
95666
95671
95676
95679
95682
95688
95689
95691
95695
95703
96047
96049
96050
96052
96103
96110
96114
96126
96129
96138
96142
96145
96148
96149
96152
96157
96158
96163
96170
96175
96176
96178
96181
96182
96184
96190
96215
96224
96231
96260
96279
96317
96328
96337
96342
96346
96355
96361
96365
96405
96450
96465
96472
96476
96515
96523
96524
96528
97070
97072
97074
97076
97078
97080
97084
97199
97204
97205
97209
97215
97218
97225
97232
97244
97246
97250
97258
97261
97268
97270
97273
97276
97280
97285
97292
97297
97299
97318
97320
97332
97340
97342
97346
97353
97355
97421
97422
97424
97437
97440
97447
97450
97453
97469
97475
97478
97486
97488
97490
97491
97496
97497
97508
97509
97520
97529
97531
97616
97631
97633
97638
97656
97657
97702
97708
97714
97723
97724
97725
97727
97737
97753
97769
97776
97788
97797
97799
97816
97828
97833
97877
97896
97900
97901
97903
97909
97922
97941
97944
97947
97956
97959
97980
97990
97993
98527
98528
98529
98544
98553
98574
98587
98593
98596
98597
98617
98634
98646
98666
98669
98673
98693
98701
98708
98724
98744
99084
99085
99086
99087
99089
99090
99092
99094
99096
99097
99098
99099
99189
99195
99310
99326
99330
99334
99423
99425
99427
99428
99438
99448
99510
99518
99610
99625
99628
99634
99706
99718
99734
99752
99755
99768
99817
99826
99830
99834
99837
99842
99867
99869
99880
99894
99947
99958
99974
99976
99986
99988
99998
Barli
O8321
