[ 1109  1127  1139  1277  1445  1561  1612  1809  1900  2625  2681  2708
  2826  2923  3046  3096  3238  4103  4107  4157  4205  4279  4319  4639
  4758  6110  6128  6132  6184  6295  6429  6484  6542  6647  6712  6766
  6842  7381  7387  7548  7554  7743  7745  7749  7774  8056  8134  8209
  8297  9111  9117  9126  9131  9392  9456 10115 10247 10249 10315 10367
 10369 10407 10409 10437 10553 10709 10829 12055 12103 12107 12203 12205
 12309 13088 13187 13437 13585 13591 13627 14467 14480 14482 14513 14547
 14662 14727 14770 14797 14943 15378 15517 15827 15848 16348 16356 16515
 16547 16761 16928 17033 17036 17217 17291 17389 17498 18057 18106 18109
 18196 18198 18292 18442 18528 19053 19067 19306 20099 20146 20251 20255
 20537 21037 21039 21073 21109 21149 21255 21279 21376 21391 21423 21682
 21709 22043 22083 22087 22089 22119 22143 22303 22307 22393 22397 22417
 22455 22457 22523 22529 22589 22851 22880 22926 22927 23556 23570 23617
 23669 23795 23898 23911 23968 24111 24146 24148 24211 24306 24398 25336
 25348 25355 25560 25764 25788 25821 26160 26197 26215 26409 26427 26446
 26506 26556 26655 26725 26919 26936 27432 27478 27624 28197 28213 28215
 28279 28717 29227 29308 29351 29525 30457 30459 30627 30657 30900 30974
 31162 31180 31185 31535 31592 31785 31848 32051 32105 32130 32257 32423
 32425 33034 33104 33106 33175 33332 33334 33378 33397 33729 33739 33790
 33818 34123 34253 34379 34414 34560 34582 35037 35435 35606 35647 35745
 35753 35792 35796 36037 36039 36179 36251 36325 36396 37075 37081 37115
 37154 37520 37574 37586 37671 38108 38126 38165 38259 38304 38321 38685
 38690 38704 39108 39114 39122 39124 39128 39261 39439 39638 40210 40225
 40235 40625 40627 40670 40885 41179 41236 41239 41460 41468 41517 41564
 41747 41751 41812 42275 42369 42579 44269 44359 44379 44532 44536 44789
 44795 44866 44879 45141 45279 45307 45661 45665 45711 45888 45891 45892
 45899 45966 46047 46236 46244 46562 47441 47475 47533 47574 47623 47829
 48143 48149 48163 48165 48231 48268 48282 48431 48477 48485 48527 48683
 49080 49163 49356 49477 49479 49565 49744 49762 49824 50169 50170 50181
 50226 50321 50354 50389 50667 50670 50672 50733 50765 50997 51061 51105
 51145 51371 51467 51545 51674 52078 52477 52511 52538 53123 53604 53639
 53721 53773 53797 53842 53844 53859 54295 54338 54341 54426 55128 55232
 55234 55263 55283 55543 56130 56218 56220 56249 56269 56355 56410 56412
 56567 56593 56626 56656 57076 57334 57610 57635 57639 58239 58332 58540
 58579 59063 59073 59075 59192 59199 59227 59320 59379 59439 59519 59581
 59602 59846 60311 60314 60322 60385 60439 60528 60529 60599 61118 61169
 61209 61381 61440 61462 61476 63128 63225 63263 63454 63456 63512 63571
 63741 63776 63875 64295 64342 64347 64560 64646 64653 64668 65185 65203
 65232 65388 65830 65933 65936 66111 66113 66117 66292 66571 66606 66646
 66687 66822 66916 67061 67071 67133 67240 67304 67346 67459 67551 67575
 67583 67655 67659 67686 68163 68165 68199 68219 68239 68259 68307 68723
 68766 69121 69231 69412 69483 69488 69509 70327 70374 70439 70499 70563
 70565 70567 70597 70771 70794 70806 71063 71083 71120 71229 71263 71336
 71636 72119 72144 72296 72336 72660 72764 72768 73101 73240 73249 73262
 73430 73432 73433 73642 73730 73732 73733 74074 74080 74257 74379 74385
 74626 74864 74912 76133 76137 76199 76227 76297 76744 76846 77815 77948
 77971 78054 78315 78532 78549 78628 78661 78713 78727 79098 79104 79110
 79111 79211 79364 79650 79725 79730 79761 79798 80335 80796 80804 80809
 80992 81243 81249 81375 81377 81477 81549 81667 81675 81737 81825 81925
 82008 82110 82178 82205 82467 82487 82515 83052 83059 83075 83109 83132
 83278 83308 83530 83607 84106 84169 84180 84359 84405 84489 84544 85051
 85101 85119 85241 85253 85256 85368 85456 85461 85467 85579 85653 86152
 86169 86356 86405 86480 86643 86650 86938 87439 87459 87527 87534 87600
 87700 87727 87742 88045 88299 88367 88400 88453 88457 89075 89077 89198
 89233 89331 89346 89518 90403 90411 90419 90449 90453 90461 90478 90482
 90489 90762 90768 91052 91083 91126 91207 91217 91278 91301 91332 91358
 91610 91629 92224 92283 92555 92660 92685 93051 93053 93055 93333 93413
 93444 94032 94072 94078 94086 94234 94238 94315 94501 95188 95336 95349
 95445 95485 95512 96114 96129 96175 96176 96260 96450 97225 97250 97292
 97318 97320 97422 97520 97799 97816 97941 98528 98544 98666 98669 99084
 99099 99189 99310 99326 99425 99428 99734 99817]